0101110010100000
0000000000000000 
0000000000000000 
0000000000000000 
0000000000000000 
0000000000000000 
0000000000000000 
0000000000000000 
0000000000000000 
0000000000000000 
0000000000000000 
0000000000000000 
0000000000000000 
0000000000000000 
0000000000000000 
0000000000000000 
0000000000000000 
0000000000000000 
0000000000000000 
0000000000000000 
0000000000000000 
0000000000000000 
0000000000000000 
0000000000000000 
0000000000000000 
0000000000000000 
0000000000000000 
0000000000000000 
0000000000000000 
0000000000000000 
0000000000000000 
0000000000000000 
0000000000000000 
0000000000000000
0100100000010000
0000000000000100
0101000010000000
0100110000100000
0101110010100000
